canvas 500 500 500 500
shape R rectangle 1
shape S rectangle 1
shape E ellipse 2
shape C ellipse 2
shape C2 ellipse 2
shape R2 rectangle 3
shape R3 rectangle 3
motion R 1  200 200 50 100 255 0  0    10  200 200 50 100 255 0  0
motion R 10 200 200 50 100 255 0  0    50  300 300 50 100 255 0  0
motion R 50 300 300 50 100 255 0  0    51  300 300 50 100 255 0  0
motion R 51 300 300 50 100 255 0  0    70  300 300 25 100 255 0  0
motion R 70 300 300 25 100 255 0  0    100 200 200 25 100 255 0  0
motion C 6  440 70 120 60 0 0 255      20 440 70 120 60 0 0 255
motion C 20 440 70 120 60 0 0 255      50 440 250 120 60 0 0 255
motion C 50 440 250 120 60 0 0 255     70 440 370 120 60 0 170 85
motion C 70 440 370 120 60 0 170 85    80 440 370 120 60 0 255 0
motion C 80 440 370 120 60 0 255 0     100 440 370 120 60 0 255 0
motion E 6  20 70 120 60 0 0 255      20 20 70 120 60 0 0 255
motion E 20 20 70 120 60 0 0 255      50 20 250 120 60 0 0 255
motion E 50 20 250 120 60 0 0 255     70 20 370 120 60 0 170 85
motion E 70 20 370 120 60 0 170 85    80 20 370 120 60 0 255 0
motion E 80 20 370 120 60 0 255 0     100 20 370 120 60 0 255 0
motion S 1  10 200 50 100 255 0  0    10  10 200 50 100 255 0  0
motion S 10 10 200 50 100 255 0  0    50  300 300 50 100 255 0  0
motion S 50 300 300 50 100 255 0  0    100 200 200 25 100 255 0  0
motion C2 1 250 250 10 100 100 100  100    50 50 50 20 100 255 0  0
motion C2 50 50 50 20 100 255 0  0    100 10 10 20 100 100 100  20
motion R2 1 250 250 10 100 120 20  50    50 50 50 20 100 30 40  70
motion R2 50 50 50 20 100 30 40  70    100 10 10 20 100 20 20  20
motion R3 1  200 200 50 100 0  0  0    10  200 200 50 100 0 0  0
motion R3 10 200 200 50 100 0 0  0    50  300 300 50 100 0 0  0
motion R3 50 300 300 50 100 0 0  0    51  300 300 50 100 0 0  0
motion R3 51 300 300 50 100 0 0  0    70  300 300 25 100 0 0  0
motion R3 70 300 300 25 100 0 0  0    100 200 200 25 100 0 0  0